30 30 50 50 50 50 w GREEN
20 15 50 50 50 50 a GREEN
13 14 50 50 50 50 s GREEN
35 11 50 50 50 50 a GREEN
20 20 50 50 50 50 w GREEN
36 31 50 50 50 50 d GREEN
37 5 50 50 50 50 s GREEN
12 16 50 50 50 50 s GREEN
38 24 50 50 50 50 a GREEN
37 8 50 50 50 50 d GREEN
11 26 50 50 50 50 s GREEN
20 11 50 50 50 50 a GREEN
4 23 50 50 50 50 w GREEN
19 30 50 50 50 50 s GREEN
35 35 50 50 50 50 d GREEN
1 39 50 50 50 50 w GREEN
20 24 50 50 50 50 d GREEN
3 28 50 50 50 50 w GREEN
20 19 50 50 50 50 s GREEN
10 17 50 50 50 50 a GREEN